 1.49896e+11 
 1.90851e+11 
 2.17000e+11 
 2.42995e+11 
 3.09386e+11 
 3.53000e+11 
 5.45000e+11 
 5.99580e+11 
 6.38572e+11 
 8.57000e+11 
 1.19920e+12 
 1.31801e+12 
 1.67812e+12 
 1.87370e+12 
 2.13661e+12 
 2.99790e+12 
 3.46363e+12 
 4.40996e+12 
 5.61485e+12 
 7.14894e+12 
 9.10216e+12 
 1.15890e+13 
 1.47554e+13 
 1.81443e+13 
 2.49827e+13 
 3.74740e+13 
 5.16880e+13 
 6.66210e+13 
 8.32760e+13 
 8.68964e+13 
 1.39438e+14 
 1.83922e+14 
 2.45732e+14 
 4.67695e+14 
 5.50078e+14 
 6.44715e+14 
 6.84458e+14 
 8.19105e+14 
 1.06688e+15 
 1.13129e+15 
 1.29780e+15 
 1.75317e+15 
 1.78981e+15 
 1.95943e+15 
